2222222222222222222222222222222222222222
2000000000000000000000000000000000000002
2000110000000000000000000000000000000002
2000111333333333333333333333333337000002
2000110000000000000000000000000007000002
2000000000000000000000000000000007000002
2000000000000000000000000000000007000002
2000000000000000000000000000000007000002
2000007999999999999999999999999999000002
2000007000000000000000000000000000000002
2000007000000000000000000000000000000002
2000007000000000000000000000000000000002
2000007000000000000000000000000000000002
2000007333333333333333333333333337000002
2000000000000000000000000000000007000002
2000000000000000000000000000000007000002
2000000000000000000000000000000007000002
2000000000000000000000000000000007000002
2000000000000000000000000000000007000002
2000000000000000000000000000000007000002
2000110000000000000000000000000007000002
2000119999999999999999999999999999000002
2000110000000000000000000000000000000002
2000000000000000000000000000000000000002
2000000000000000000000000000000000000002
2222222222222222222222222222222222222222
4444444444444444444444444444444444444444
4444444444444444444444444444444444444444
4444444444444444444444444444444444444444
4444444444444444444444444444444444444444
4444444444444444444444444444444444444444
4444444444444444444444444444444444444444